每幅图像的标定误差：
第1幅图像的平均误差：0.0616941像素
第2幅图像的平均误差：0.0604656像素
第3幅图像的平均误差：0.0597773像素
第4幅图像的平均误差：0.0628632像素
第5幅图像的平均误差：0.0691368像素
第6幅图像的平均误差：0.0660859像素
第7幅图像的平均误差：0.0920674像素
第8幅图像的平均误差：0.133217像素
第9幅图像的平均误差：0.119967像素
第10幅图像的平均误差：0.0768165像素
第11幅图像的平均误差：0.058238像素
第12幅图像的平均误差：0.0818697像素
第13幅图像的平均误差：0.21194像素
第14幅图像的平均误差：0.287539像素
第15幅图像的平均误差：0.259722像素
第16幅图像的平均误差：0.0883456像素
第17幅图像的平均误差：0.0778329像素
第18幅图像的平均误差：0.0681483像素
第19幅图像的平均误差：0.107225像素
第20幅图像的平均误差：0.11079像素
第21幅图像的平均误差：0.11684像素
第22幅图像的平均误差：0.0859817像素
第23幅图像的平均误差：0.07179像素
第24幅图像的平均误差：0.0583319像素
第25幅图像的平均误差：0.053462像素
第26幅图像的平均误差：0.0527642像素
第27幅图像的平均误差：0.0679755像素
第28幅图像的平均误差：0.049704像素
第29幅图像的平均误差：0.0604368像素
第30幅图像的平均误差：0.148062像素
第31幅图像的平均误差：0.0497414像素
第32幅图像的平均误差：0.0446113像素
第33幅图像的平均误差：0.0434879像素
第34幅图像的平均误差：0.044017像素
第35幅图像的平均误差：0.049289像素
第36幅图像的平均误差：0.0756905像素
第37幅图像的平均误差：0.0813299像素
第38幅图像的平均误差：0.0913011像素
第39幅图像的平均误差：0.0649134像素
第40幅图像的平均误差：0.094586像素
第41幅图像的平均误差：0.0938968像素
总体平均误差：0.089072像素

相机内参数矩阵：
[633.3020669570298, 0, 346.3301630705702;
  0, 632.172648808697, 186.7555336219485;
  0, 0, 1]

畸变系数：
[12.2978990846552, 4.62979510019628, -0.01485040988910345, 0.009822320194912594, -10.04603600906373, 12.25081446999611, 5.143015064196901, -11.23931874505295]


第1幅图像的旋转向量：
[67.50713755148365; -23.18699967154319; 315.7094647002342]
第1幅图像的旋转矩阵：
[-0.9088024594284876, 0.06149673260047402, 0.4126696519205138;
  -0.121127956352542, -0.9853673724782391, -0.1199131329137383;
  0.399256944744345, -0.1589631816956272, 0.9029532650910644]
第1幅图像的平移向量：
[-0.1508203337009468; -3.057869116650753; 0.1548524503238056]

第2幅图像的旋转向量：
[68.18197167114086; -21.51016200233931; 312.830674432795]
第2幅图像的旋转矩阵：
[0.9032946611409887, -0.4289381262446881, -0.008416591227007563;
  0.4260532541835539, 0.8991775525574547, -0.09979155062624277;
  0.05037241064104971, 0.08655525882626645, 0.9949727671729149]
第2幅图像的平移向量：
[-0.1391919825301091; -3.047004966765986; 0.1577292520118401]

第3幅图像的旋转向量：
[68.06663437008889; -19.85312123139274; 309.8245620266165]
第3幅图像的旋转矩阵：
[-0.7758366355641911, 0.4705640376708621, 0.4202939463843514;
  -0.5203589301486331, -0.8539359069023375, -0.004477802748277082;
  0.3567969993301606, -0.2221777517074514, 0.907376960207397]
第3幅图像的平移向量：
[-0.127642907117197; -3.038174820318025; 0.1673722731679472]

第4幅图像的旋转向量：
[66.00748942575459; -16.18503262857565; 297.7885148226009]
第4幅图像的旋转矩阵：
[-0.6756265306353849, 0.6161023848281227, 0.4049032508028221;
  -0.6563571329145362, -0.7527768573484535, 0.05022267528513416;
  0.3357441066851407, -0.231829364942593, 0.9129792113605391]
第4幅图像的平移向量：
[-0.1198984257507204; -3.006247596003052; 0.2116848239307947]

第5幅图像的旋转向量：
[57.75120762784628; -13.50820830743384; 290.7765365789636]
第5幅图像的旋转矩阵：
[0.1500388100748199, -0.9809691051270209, 0.1232394833550684;
  0.965318434928667, 0.1184137802180325, -0.2326768055508428;
  0.2136555046288331, 0.1538758962305907, 0.9647142239549656]
第5幅图像的平移向量：
[-0.1111336508390167; -3.073147800865698; 0.4109308687118864]

第6幅图像的旋转向量：
[54.45710274998056; -16.19190683954557; 289.6554830837519]
第6幅图像的旋转矩阵：
[0.9911986141748647, 0.1320743214265766, 0.009037747370727359;
  -0.1322587444240061, 0.9909159032630767, 0.02435769249552177;
  -0.005738621891464555, -0.02533863216573245, 0.9996624540007274]
第6幅图像的平移向量：
[-0.1196215845278987; -3.103681868810946; 0.4459964261604765]

第7幅图像的旋转向量：
[50.87232482407146; -19.46191388500828; 286.303750929957]
第7幅图像的旋转矩阵：
[-0.692466698237509, -0.6749385496668673, 0.2548486335172875;
  0.63424167875656, -0.7378717631300568, -0.2308305744553827;
  0.3438420636863724, 0.001793139405433339, 0.9390257823355921]
第7幅图像的平移向量：
[-0.117505957478009; -3.111481509748248; 0.426569669782654]

第8幅图像的旋转向量：
[43.99975689920071; -21.31647072829492; 279.6952921803676]
第8幅图像的旋转矩阵：
[0.3840567389899773, -0.922927494703653, 0.02655674596826234;
  0.9082432812170409, 0.3724587636549021, -0.1907055623225627;
  0.1661161140903779, 0.09736174246951532, 0.9812879942926094]
第8幅图像的平移向量：
[-0.0874833026738106; -3.123813532628512; 0.4038300709445326]

第9幅图像的旋转向量：
[41.55520251381016; -20.84992221619488; 278.2202762445106]
第9幅图像的旋转矩阵：
[0.7914203096782737, 0.6064537139643198, 0.07660147679795934;
  -0.6110969643451027, 0.7879580181362953, 0.07538343201872634;
  -0.01464218552490004, -0.1064709090484563, 0.9942080023463147]
第9幅图像的平移向量：
[0.07173421485151879; 3.09397243892985; -0.3977259871990612]

第10幅图像的旋转向量：
[35.05113440220652; -18.53074868675028; 273.7460014427655]
第10幅图像的旋转矩阵：
[0.9900732208377948, -0.1403115545930236, -0.008227091075468951;
  0.1401402565983941, 0.9899564954315415, -0.01862379213362968;
  0.01075759547535426, 0.01728597120758175, 0.9997927131855879]
第10幅图像的平移向量：
[0.01805055811269826; 3.051673090145233; -0.4447415718052941]

第11幅图像的旋转向量：
[34.7378587755565; -18.33232595232657; 273.3745545030824]
第11幅图像的旋转矩阵：
[0.9621442306358364, 0.2715667364587595, 0.02302144876659665;
  -0.2722090068261558, 0.9617051864671041, 0.03202172582779345;
  -0.01344381109999169, -0.03707616446466852, 0.9992220083503448]
第11幅图像的平移向量：
[0.0102285941559815; 3.044891207494112; -0.4563682020478786]

第12幅图像的旋转向量：
[35.41901536788656; -18.69587242781237; 273.4618778146721]
第12幅图像的旋转矩阵：
[0.996775776293261, 0.08002111029907918, 0.005888437948170868;
  -0.0800779456561703, 0.9967369397075998, 0.01014867685050616;
  -0.005057115230473853, -0.01058748926002608, 0.9999311629590881]
第12幅图像的平移向量：
[0.01059852616377931; 3.038810544607918; -0.4559525557041583]

第13幅图像的旋转向量：
[40.4796766288898; -22.29447706970558; 273.8722529727339]
第13幅图像的旋转矩阵：
[0.2983770687205332, -0.9540929016875647, 0.02603574103315319;
  0.9373201787671669, 0.287768954433933, -0.1965194935366144;
  0.1800055758514959, 0.08304073586742958, 0.9801541862630425]
第13幅图像的平移向量：
[0.04445906372777212; 3.052275417502039; -0.41213746557229]

第14幅图像的旋转向量：
[44.35571304386827; -26.16527331092248; 269.2968177757142]
第14幅图像的旋转矩阵：
[-0.6106102796013675, 0.7175843436080509, 0.3350041734870516;
  -0.7686527374822809, -0.6388336541121467, -0.0326271594644392;
  0.1905992014834679, -0.2774243539819907, 0.9416515662449355]
第14幅图像的平移向量：
[-0.08050405815983938; -3.128448962897917; 0.3229850288533026]

第15幅图像的旋转向量：
[47.42413151126181; -30.36310827325618; 264.7576426092425]
第15幅图像的旋转矩阵：
[0.8800021661543181, -0.4738325927253048, -0.03284602921089912;
  0.4689665339284385, 0.8777597553477282, -0.09802143616088833;
  0.0752766738030748, 0.07085538767879133, 0.9946421147417968]
第15幅图像的平移向量：
[-0.1169196189598195; -3.074327542745585; 0.2383059858725271]

第16幅图像的旋转向量：
[70.67278224860608; -36.88025888649713; 281.8268580453221]
第16幅图像的旋转矩阵：
[-0.6522130108165374, 0.5783701504455338, 0.4900062832201623;
  -0.6849814461118965, -0.7265440823321411, -0.05416747096368871;
  0.3246823170486533, -0.3709739418096072, 0.8700343254689207]
第16幅图像的平移向量：
[-0.1916637008201502; -3.034967074480216; 0.02514162501424604]

第17幅图像的旋转向量：
[75.72379590582359; -36.49137817969396; 296.535384086174]
第17幅图像的旋转矩阵：
[0.9452932528157921, -0.3251803373149138, -0.02604638947528095;
  0.3217933542268365, 0.9425951589746271, -0.08923790367909508;
  0.0535696122478114, 0.07597443320852491, 0.995669715388724]
第17幅图像的平移向量：
[-0.2063723890458512; -3.068256824484225; -0.01615226581600364]

第18幅图像的旋转向量：
[77.57488893405197; -36.07755313077128; 304.7538391660027]
第18幅图像的旋转矩阵：
[-0.617382116326463, -0.7154775038128511, 0.3270034617217212;
  0.6193476329241865, -0.6983791497927503, -0.3587130785543822;
  0.4850235376056143, -0.01893421961652234, 0.8742960958943191]
第18幅图像的平移向量：
[-0.2114583320067367; -3.094503222079979; -0.02899770701811745]

第19幅图像的旋转向量：
[74.76171338414086; -28.72332401674555; 336.0098623283986]
第19幅图像的旋转矩阵：
[0.9889662494811764, 0.1473742260102862, 0.0150530692885066;
  -0.1477909044289614, 0.9885040230764952, 0.03190054748203197;
  -0.01017870105686914, -0.03377327152428157, 0.9993776864505941]
第19幅图像的平移向量：
[0.1675181164906094; 3.04703829555814; 0.02691522393518859]

第20幅图像的旋转向量：
[71.83957682889498; -25.42474919110127; 342.7847660581299]
第20幅图像的旋转矩阵：
[0.7716280545749629, 0.6290126216878493, 0.09451596240972564;
  -0.6360736426449567, 0.7629018099050586, 0.1157201347042147;
  0.0006830265250710038, -0.1494120149150138, 0.9887747889554029]
第20幅图像的平移向量：
[0.1437918650625779; 3.014837739577127; 0.007553412937472968]

第21幅图像的旋转向量：
[68.36055632224992; -21.82587279649534; 348.4886152436122]
第21幅图像的旋转矩阵：
[-0.6338492987744854, 0.682841177822506, 0.3632671087685562;
  -0.7228302944491335, -0.6900902377715688, 0.03594202497020384;
  0.2752297801286632, -0.2397986438709621, 0.9309915029300619]
第21幅图像的平移向量：
[0.1186981345846105; 2.989838952585082; -0.0217276472279571]

第22幅图像的旋转向量：
[37.39874668019656; -34.81466462434418; 382.8080153167359]
第22幅图像的旋转矩阵：
[-0.9588654246732536, -0.2267632546318342, 0.1707498864273674;
  0.192239779649967, -0.9613393660550836, -0.1971560052165342;
  0.2088563249851751, -0.1562211561267802, 0.9653879975906571]
第22幅图像的平移向量：
[0.1399853363230239; 3.000668771524473; 0.01858484843514562]

第23幅图像的旋转向量：
[44.30676182341009; -37.98334966685303; 387.137822758784]
第23幅图像的旋转矩阵：
[-0.3566158659949304, -0.9320692669262609, 0.0638122697623931;
  0.9018934985860319, -0.3612810009282008, -0.2367787059187645;
  0.2437483155407093, -0.02688717203165879, 0.9694657490861689]
第23幅图像的平移向量：
[0.1834850137821593; 2.981230843185781; -0.0161203365261837]

第24幅图像的旋转向量：
[46.43839468444678; -38.76186552287036; 386.8609256215112]
第24幅图像的旋转矩阵：
[-0.399791126467569, -0.9134075198252641, 0.07650985508058272;
  0.880070472374738, -0.4058476177143517, -0.2465028901447016;
  0.2562089359329563, -0.03121560382637054, 0.9661172637034582]
第24幅图像的平移向量：
[0.2058760988289755; 2.979412859048016; -0.008500446035989994]

第25幅图像的旋转向量：
[47.00288064186471; -38.57700717914008; 386.6968316681227]
第25幅图像的旋转矩阵：
[-0.2957756109471591, -0.9532166811396798, 0.06240790627707778;
  0.9221016106581126, -0.3019625299729171, -0.2419653903228095;
  0.2494902955839148, -0.01402103025490284, 0.9682757887709685]
第25幅图像的平移向量：
[0.2118771763584128; 2.96730482810516; -0.01407550302355528]

第26幅图像的旋转向量：
[47.03690411624515; -37.44601403134283; 386.3582775995156]
第26幅图像的旋转矩阵：
[0.1325589703475782, -0.9911291574263551, 0.009545296208770177;
  0.9708489074422918, 0.1278942372095028, -0.2027201593495522;
  0.1997010723518987, 0.03613941598757121, 0.9791901880194567]
第26幅图像的平移向量：
[0.212135113360776; 2.956498939787339; -0.029737778997873]

第27幅图像的旋转向量：
[40.92858997076736; -29.27403810566389; 320.0306678372929]
第27幅图像的旋转矩阵：
[-0.8984175072620538, 0.3430430159426365, 0.2741668686366343;
  -0.3870913229188014, -0.9134571928629818, -0.1255239599751912;
  0.2073795803979015, -0.2189005391036331, 0.9534549090618435]
第27幅图像的平移向量：
[-0.1497169688054688; -3.112011250574422; 0.1159043921132513]

第28幅图像的旋转向量：
[42.00285767818625; -29.66643237092452; 317.5449550372384]
第28幅图像的旋转矩阵：
[0.3369774245114754, -0.9415126913131841, -0.0002597418294081472;
  0.9252677586853207, 0.3312141912967847, -0.1848695059252875;
  0.1741430162454294, 0.06205651923707903, 0.9827630428099757]
第28幅图像的平移向量：
[-0.1497228078113302; -3.088934548889345; 0.1524364989359002]

第29幅图像的旋转向量：
[43.38893745672299; -28.82483446967914; 316.1647172670486]
第29幅图像的旋转矩阵：
[0.999886051386474, 0.01503206327571708, 0.00138611559415622;
  -0.01503489116971256, 0.9998848623612592, 0.002052819602590751;
  -0.001355097885919913, -0.002073425783749995, 0.9999969323029141]
第29幅图像的平移向量：
[-0.1442190586025628; -3.081538845649517; 0.1790952704125397]

第30幅图像的旋转向量：
[51.66119181607471; -10.79071945321271; 299.349726713414]
第30幅图像的旋转矩阵：
[-0.6695853715150414, -0.6945759746066184, 0.2630962670817093;
  0.6738300994099079, -0.7170797636684173, -0.1781842015064196;
  0.3124234744418184, 0.05797264903825693, 0.9481723179787462]
第30幅图像的平移向量：
[-0.005504516416714738; -3.064541810563327; 0.1643095886240187]

第31幅图像的旋转向量：
[44.20735575111424; -0.3535503571968469; 355.0263636417828]
第31幅图像的旋转矩阵：
[0.9321827412579795, 0.3618809348040357, 0.008804880812148971;
  -0.3618977535808103, 0.9311313124058267, 0.04499438865642982;
  0.008084111201731758, -0.04512945914544118, 0.9989484366389078]
第31幅图像的平移向量：
[-0.02592574121635391; 3.001662222375116; -0.04431790976549059]

第32幅图像的旋转向量：
[43.12015701727154; -0.4703298984568126; 360.5602995075828]
第32幅图像的旋转矩阵：
[0.2826850583808253, 0.9552563618684489, 0.08703126379689415;
  -0.9554801650433806, 0.2724270671860971, 0.1133187860553392;
  0.08453881934888506, -0.1151901739482882, 0.9897395676888237]
第32幅图像的平移向量：
[-0.02412126933584219; 2.994173392584101; -0.04498959879018342]

第33幅图像的旋转向量：
[41.63329403929675; -0.7651823127433332; 364.7008473282369]
第33幅图像的旋转矩阵：
[-0.8553085646202687, -0.4732957560632302, 0.2108041427006379;
  0.4724070126703786, -0.8794785014225364, -0.05787209962856425;
  0.2127883306646874, 0.05008685284688003, 0.9758137288974933]
第33幅图像的平移向量：
[-0.02205381334843279; 2.992644620176093; -0.05672427316918894]

第34幅图像的旋转向量：
[39.97371590794476; -1.016123914378728; 368.0838069611352]
第34幅图像的旋转矩阵：
[0.8979075324145154, 0.4400121896301537, 0.01230187831811541;
  -0.4400734032633759, 0.8967042563072938, 0.04750659386415018;
  0.009872333739606635, -0.04807025792796262, 0.9987951678543869]
第34幅图像的平移向量：
[-0.01990149049550254; 2.988317814869685; -0.08202620132748309]

第35幅图像的旋转向量：
[38.00955829722332; -0.9592001426268348; 371.3266462399023]
第35幅图像的旋转矩阵：
[-0.8166826005197385, -0.54678361601791, 0.1845459489197629;
  0.5458228978986848, -0.8357053333442952, -0.06061319946498769;
  0.1873683381412106, 0.05122765926995986, 0.9809530227222515]
第35幅图像的平移向量：
[-0.02049113224674632; 2.973474639351526; -0.1140350339135262]

第36幅图像的旋转向量：
[25.15254537536819; 3.276914501180445; 380.0843493250137]
第36幅图像的旋转矩阵：
[-0.6913960052735727, 0.714691961679778, 0.1057684442641396;
  -0.7127620826234575, -0.6986768579133019, 0.06181311989106415;
  0.1180753042173392, -0.03265039244337305, 0.992467719579471]
第36幅图像的平移向量：
[-0.05000081295804191; 2.864064281034446; -0.2838769083362922]

第37幅图像的旋转向量：
[22.93910306112536; 2.892834517727412; 379.6819730656488]
第37幅图像的旋转矩阵：
[-0.9611122839967585, 0.250346014298217, 0.1165763727156205;
  -0.248540639759295, -0.9681564214316124, 0.03001156491712211;
  0.1203774394916867, -0.0001294825517460969, 0.9927281880231345]
第37幅图像的平移向量：
[-0.05587022418962317; 2.848206553493303; -0.2894762380330859]

第38幅图像的旋转向量：
[-120.9770100364952; 80.04712767593016; 300.6845375352618]
第38幅图像的旋转矩阵：
[0.7119667258936635, -0.6987035538254471, 0.07011936317414502;
  0.6410850657925129, 0.6874889492846505, 0.3411288364083234;
  -0.2865542176239369, -0.1979199042117232, 0.9373976700839168]
第38幅图像的平移向量：
[2.846761558274497; 0.09112668815022511; 0.4931886773138254]

第39幅图像的旋转向量：
[-21.49642170596044; -7.861702211037293; 449.5571293467379]
第39幅图像的旋转矩阵：
[-0.6243848493328295, 0.7784857016533638, -0.06405913084712893;
  -0.7757698933305416, -0.6276011812726292, -0.06555783604665699;
  -0.09123942418461399, 0.008761825521546147, 0.9957904387409987]
第39幅图像的平移向量：
[0.02228663821275006; 2.815867346747121; -0.2744827453775952]

第40幅图像的旋转向量：
[52.95775575069877; -26.59903565978756; 329.2651472631716]
第40幅图像的旋转矩阵：
[0.04829491261518133, -0.9961916587926757, 0.07259325290541263;
  0.9716213072221652, 0.03000601668118524, -0.2346309321355971;
  0.2315591431306109, 0.08186463164777347, 0.9693701797135043]
第40幅图像的平移向量：
[-0.1464014169993361; -3.140051222298567; 0.2462736362722904]

第41幅图像的旋转向量：
[60.80715205608811; -26.4215300087699; 327.3202682158765]
第41幅图像的旋转矩阵：
[0.5888537548591579, -0.8081627690750924, 0.01114423928088362;
  0.7959117408196671, 0.57741796633687, -0.1819697584127656;
  0.140626299864847, 0.1160234063983299, 0.9832409740008044]
第41幅图像的平移向量：
[-0.1675354491546783; -3.124165700254121; 0.2423079423424287]


