每幅图像的标定误差：
第1幅图像的平均误差：0.0259366像素
第2幅图像的平均误差：0.0351521像素
第3幅图像的平均误差：0.149995像素
第4幅图像的平均误差：0.0256387像素
第5幅图像的平均误差：0.0419806像素
第6幅图像的平均误差：0.044816像素
第7幅图像的平均误差：0.0228769像素
第8幅图像的平均误差：0.0317805像素
第9幅图像的平均误差：0.0396471像素
第10幅图像的平均误差：0.340354像素
总体平均误差：0.0758178像素

相机内参数矩阵：
[564.4667397104284, 0, 332.5599736609608;
  0, 562.780185083334, 239.8963774256334;
  0, 0, 1]

畸变系数：
[-0.1532067234449642, -0.08566995036580583, -0.001749304569418884, 0.00118958374823822, -29.09134970388038, 0.2421859332091477, -3.617315967876239, -18.20724572967805]
//分别为k1，k2， p1， p2， k3
第1幅图像的旋转向量：
[-132.8953788891704; 27.16032057882473; 470.4517313480509]
第1幅图像的旋转矩阵：
[0.8984683327655361, 0.4357250002977033, -0.05383659659640938;
  -0.4390256621323939, 0.8907305520616087, -0.1177096071407729;
  -0.003335117199017922, 0.1293940019459497, 0.9915876508174557]
第1幅图像的平移向量：
[3.014998189291225; 0.02305089626781798; 0.244639051016989]

第2幅图像的旋转向量：
[22.2445749792279; -60.02743596181104; 385.9441403081926]
第2幅图像的旋转矩阵：
[-0.08539925593613365, -0.9921134942461012, -0.09174846930791783;
  0.9731130551994158, -0.06328325047714056, -0.2214637939020872;
  0.213911077053091, -0.1081944764941293, 0.9708429359943596]
第2幅图像的平移向量：
[0.01010497924073694; 2.80805712262739; -0.2706450470978001]

第3幅图像的旋转向量：
[29.18173361531033; -71.55018311228102; 366.9817435657092]
第3幅图像的旋转矩阵：
[-0.3732287157310363, 0.8839862383324237, 0.2815468987445121;
  -0.9250069303282358, -0.3313048986671541, -0.1860087174405574;
  -0.07115127966871503, -0.3298566272762122, 0.9413458986172223]
第3幅图像的平移向量：
[0.02756997941681286; 3.017526776352499; -0.2307386366663114]

第4幅图像的旋转向量：
[-132.9511712868427; 27.16295647557309; 470.6677411380432]
第4幅图像的旋转矩阵：
[0.9712614335615288, 0.2370150737669416, -0.02179638693121488;
  -0.2379489543977643, 0.9690713579493878, -0.06542933824470638;
  0.00561451485123146, 0.06873542034046735, 0.9976191253246926]
第4幅图像的平移向量：
[3.018589572665877; 0.02344692161616214; 0.2451679787443906]

第5幅图像的旋转向量：
[20.40488833425667; -52.56461084711654; 364.048988043499]
第5幅图像的旋转矩阵：
[-0.6745158601120173, 0.7116005937731181, 0.1966035335366361;
  -0.7381506924836147, -0.6454714790012556, -0.1962144871865782;
  -0.01272437202009151, -0.2774728180158867, 0.9606492209016861]
第5幅图像的平移向量：
[0.04375552189014183; 2.735793006715042; -0.4091059379170214]

第6幅图像的旋转向量：
[22.60644908654686; -50.02988057563627; 366.2519409226651]
第6幅图像的旋转矩阵：
[0.9346745266757448, 0.3516706161864838, 0.05207021120075484;
  -0.3527520139959068, 0.9356268169763308, 0.01297982960486585;
  -0.0441536612899088, -0.03049978796251829, 0.9985590704254493]
第6幅图像的平移向量：
[0.0520943283546828; 2.790174242893702; -0.4756343776338539]

第7幅图像的旋转向量：
[-132.2328003601514; 27.07916447162459; 468.0742040597926]
第7幅图像的旋转矩阵：
[-0.8341363495543641, 0.1611990687393486, -0.527476455009782;
  -0.2209514952304835, -0.9739095092913159, 0.05177551996225379;
  -0.5053681698598888, 0.1597345546508797, 0.8479904981442608]
第7幅图像的平移向量：
[3.024665627321478; 0.02664361182025335; 0.2505530553369275]

第8幅图像的旋转向量：
[-115.2378638095761; 32.55996015212855; 336.1474892559497]
第8幅图像的旋转矩阵：
[0.342863316044427, 0.8863634932185432, -0.3111342224835459;
  -0.9295998762127945, 0.272459241829376, -0.2482136815063156;
  -0.1352361514395335, 0.374333700635119, 0.9173796727160684]
第8幅图像的平移向量：
[2.972812205629925; 0.01216699704987237; 0.3922926381591489]

第9幅图像的旋转向量：
[37.12970558496522; -63.8382745330509; 348.7698915917027]
第9幅图像的旋转矩阵：
[-0.0561484161694444, 0.9561489034167497, 0.2874484820913305;
  -0.9959750106990898, -0.03349313245601167, -0.0831383674438704;
  -0.06986510877835103, -0.2909595926812366, 0.9541810006503786]
第9幅图像的平移向量：
[-0.0156340739027378; 2.694758729905778; -0.03149452750514784]

第10幅图像的旋转向量：
[-109.0854598699999; 30.95201136176813; 326.0085458625588]
第10幅图像的旋转矩阵：
[0.9255166579133088, 0.373856427018197, -0.06041761251627548;
  -0.3785466092021684, 0.9179171542865237, -0.1188720426680343;
  0.01101728580549947, 0.1328889380035739, 0.991069699652735]
第10幅图像的平移向量：
[2.939211014993722; 0.02826900425469331; 0.2834424450704552]


