每幅图像的标定误差：
第1幅图像的平均误差：0.0228686像素
第2幅图像的平均误差：0.0425773像素
第3幅图像的平均误差：0.0582962像素
第4幅图像的平均误差：0.0441567像素
第5幅图像的平均误差：0.0343999像素
第6幅图像的平均误差：0.0400423像素
第7幅图像的平均误差：0.0442848像素
第8幅图像的平均误差：0.0505117像素
第9幅图像的平均误差：0.0294138像素
第10幅图像的平均误差：0.0397339像素
第11幅图像的平均误差：0.0356467像素
第12幅图像的平均误差：0.0558644像素
总体平均误差：0.041483像素

相机内参数矩阵：
[1176.357767577561, 0, 320.9488923507228;
  0, 1179.618138375011, 237.4210319430505;
  0, 0, 1]

畸变系数：
[-0.1214304374551721, -6.814760844314248, -0.001983820793309317, -0.004843474470189399, -42.7228360110802, -0.1296702122795418, 2.715460162430667, -177.9955178785448]


第1幅图像的旋转向量：
[-139.2320301244899; 80.74919285768254; 742.0605256850623]
第1幅图像的旋转矩阵：
[0.5956982798563882, 0.7868091453063825, -0.1614773304163159;
  -0.8031254530697963, 0.5863629730959237, -0.105678618525903;
  0.01153542403097881, 0.1926391254245848, 0.981201865748367]
第1幅图像的平移向量：
[2.850428553100336; 0.05427140910501998; 0.689220879504604]

第2幅图像的旋转向量：
[-147.3662202487325; 75.78478866986391; 733.9506843232257]
第2幅图像的旋转矩阵：
[0.05163034140959653, 0.9558993517347608, -0.2891206274187166;
  -0.9948081687639084, 0.02380520659599058, -0.09894452738540495;
  -0.08769843331854592, 0.2927281016438054, 0.9521655545657417]
第2幅图像的平移向量：
[2.583634262979752; 0.01701344795795867; 0.913214186999454]

第3幅图像的旋转向量：
[-83.40321656376518; 76.63988572263797; 668.2629494119248]
第3幅图像的旋转矩阵：
[0.7085431136174355, 0.6960345631096402, -0.1162004436397819;
  -0.7042697278741125, 0.7078458415916578, -0.0543913131071623;
  0.04439376696602209, 0.12037504516373, 0.9917353689147103]
第3幅图像的平移向量：
[-3.034167919139159; -0.03488137391446148; 0.5985986616570422]

第4幅图像的旋转向量：
[-51.74905898337999; 74.55005746802623; 597.3412462151863]
第4幅图像的旋转矩阵：
[0.5355115475984378, -0.8420344486182344, 0.06484882210890429;
  0.8321444097915377, 0.5392027829758401, 0.1295995373595244;
  -0.1440939403355317, -0.01543846401994989, 0.9894435760503402]
第4幅图像的平移向量：
[2.686788971767903; 0.06665765538414134; 0.4695852492950112]

第5幅图像的旋转向量：
[-55.42865060242949; 79.41646987151228; 637.1748061713179]
第5幅图像的旋转矩阵：
[-0.8792055525589585, 0.4244728921894427, -0.2163801288146078;
  -0.4645999383676195, -0.8644624693913231, 0.1919675396588184;
  -0.1055674837168183, 0.2693091212903595, 0.9572502826176204]
第5幅图像的平移向量：
[2.841730976274115; 0.05811525427972378; 0.4026266100514362]

第6幅图像的旋转向量：
[-113.4392015685261; 81.18012323378977; 720.5310446901109]
第6幅图像的旋转矩阵：
[0.3567201419940085, 0.9116677409127405, -0.2039918392358741;
  -0.9342028279871066, 0.3490384959092178, -0.07373740268224534;
  0.003976993420548788, 0.2168733698555247, 0.9761916435674103]
第6幅图像的平移向量：
[2.657719703905655; 0.007578552374027254; 0.9120780736259196]

第7幅图像的旋转向量：
[-106.9452243910263; 83.29331670400694; 709.8794843462291]
第7幅图像的旋转矩阵：
[0.9904746738300737, -0.1369156179847615, 0.01462990270165885;
  0.1365834377072843, 0.9903907786562841, 0.02170414929592431;
  -0.01746095774204657, -0.01949920779032421, 0.9996573892340717]
第7幅图像的平移向量：
[2.6566218415193; -0.01410940394324003; 0.9727491527371335]

第8幅图像的旋转向量：
[-82.75575064689369; 84.90223431477082; 667.9167669681311]
第8幅图像的旋转矩阵：
[0.9749680377822897, 0.2201610934485318, -0.03108726804495;
  -0.2209370477862176, 0.9749879097420166, -0.02419497411455553;
  0.02498291853371612, 0.03045765566225157, 0.9992237912465343]
第8幅图像的平移向量：
[2.448246557353984; -0.05998141806096298; 0.8710826334145492]

第9幅图像的旋转向量：
[-145.3974294827766; 81.03973537862102; 742.9876061237748]
第9幅图像的旋转矩阵：
[0.4387073198352176, -0.898552089495709, -0.01183342663370576;
  0.8748724697588751, 0.4240640464959383, 0.2340253108693514;
  -0.2052658012943365, -0.1130213560898374, 0.9721584870208189]
第9幅图像的平移向量：
[2.794296611815204; 0.03389358259439879; 0.8390162530982391]

第10幅图像的旋转向量：
[-91.04051476723846; 78.91404228250615; 685.3228995647263]
第10幅图像的旋转矩阵：
[-0.01234230478505738, 0.9691705384003526, -0.2460815617013262;
  -0.9997363071709922, -0.01672643689411859, -0.01573348127195112;
  -0.01936449422785215, 0.245822484336966, 0.969121417861406]
第10幅图像的平移向量：
[2.723714201626865; 0.03363559154962963; 0.6782521349194378]

第11幅图像的旋转向量：
[-99.88664868960156; 79.53138261871401; 701.9188759700554]
第11幅图像的旋转矩阵：
[-0.9182434206758058, 0.2561719371522601, -0.3020015877462464;
  -0.3172472617033169, -0.9322823078424094, 0.1737926161428565;
  -0.2370299460560679, 0.2553931030777644, 0.9373319409755376]
第11幅图像的平移向量：
[-3.047889956263604; -0.05094296480631266; 0.3697798433089943]

第12幅图像的旋转向量：
[-104.8882450461345; 80.75871186124343; 710.1494752598214]
第12幅图像的旋转矩阵：
[0.9834245216179419, 0.1798657260294503, -0.02290263915842414;
  -0.1804154342911416, 0.9832791690124302, -0.02474564316730487;
  0.01806879492553385, 0.02846746188411548, 0.9994313994786312]
第12幅图像的平移向量：
[-2.928753493049811; 0.001635288591417638; 0.6937203728917627]


